"year" "month" "flds_mean" "flds_total" "fsds_mean" "fsds_total" "prec" "psrf" "rh" "temp" "wind" "temp_max" "temp_min"
1998 1 282.810430188282 210410.960060082 75.4324640455779 56121.7532499099 76.641477976976 98424.5887020086 75.4683611971524 276.44015503879 4.19160971935754 287.609917473183 267.346975412537
1998 2 293.293844458216 197093.463475921 106.978922467499 71889.835898159 55.4472043670155 98404.7975253068 71.2763716081534 278.494990737084 3.95802170764454 289.609917473183 271.371196698867
1998 3 297.718090269043 221502.259160168 151.495951589368 112712.98798249 70.0275475340321 98314.342433002 65.0380282963946 279.319143143731 3.98278140117243 297.832139695405 261.35118169757
1998 4 320.499082976992 230759.339743434 195.415133415886 140698.896059438 152.790930582378 98149.1726069 61.3729909924227 284.911708102274 3.96735678678925 294.989601271279 273.396215450489
1998 5 357.877366695455 266260.760821419 227.083717408614 168950.285752009 72.4940757766799 98202.3116189925 67.4483662586993 292.513739050915 3.42092660504684 301.609917473183 282.098700657543
1998 6 369.479278772785 266025.080716405 262.775570839673 189198.411004564 163.745790281149 98258.6226267903 70.000460015828 295.087097914331 3.21291064399317 303.609917473183 279.74924412872
1998 7 377.188024440051 280627.890183398 261.9246030023 194871.904633711 83.2857322724707 98343.36455866 72.0972229506579 296.345673003369 2.94089091971318 305.609917473183 289.24924412872
1998 8 381.161193468838 283583.927940815 239.504890180304 178191.638294146 20.2738305377066 98371.6174982707 72.8119371265795 297.425195750371 2.92176980031826 302.609917473183 288.648974476645
1998 9 366.992147674591 264234.346325705 195.689196668301 140896.221601177 13.118885897023 98472.0364384238 70.9637115134615 294.427667996976 3.17533129274145 304.498806362072 281.498708991597
1998 10 329.856968323728 245413.584432854 141.784703741913 105487.819583983 101.425096296935 98443.3603827581 66.6414051532263 286.751976657258 3.59180282034248 299.498806362072 274.381204199516
1998 11 303.783137460774 218723.858971757 93.3299946320301 67197.5961350617 59.8638894013984 98499.1538854166 66.7138402581923 281.124071345441 3.9448108573591 292.055350707896 269.28760621454
1998 12 281.635490900946 209536.805230304 64.5308641185227 48010.9629041809 43.7785294878652 98449.652705402 75.8335104948944 276.34007000769 3.85829502732804 293.387695250961 261.446169613192
1999 1 284.970236928004 212017.856274435 60.0854784454426 44703.5959634093 129.589661204207 98425.5425901938 80.6587007535264 271.976700930354 6.01026710923381 286.989993896484 249.271205032921
1999 2 281.341182999143 189061.274975424 104.29316536475 70085.0071251117 115.761130136986 98389.278056542 70.2790199489183 274.103987933375 4.1129345298759 292.286110438643 262.779993896484
1999 3 273.767141449131 203682.753238153 164.089959811187 122082.930099523 37.9 98570.8731305277 60.5037023114308 274.982319899373 3.70569718653743 291.609917473183 264.072993896484
1999 4 327.598544506625 235870.95204477 176.306851698673 126940.933223044 106.8 97979.7093224833 67.5338931395529 286.000424477271 4.28217698285881 295.609917473183 275.368138851447
1999 5 338.65235730736 251957.353836676 246.061915180867 183070.064894565 105.7 98163.4422741372 67.4483662586993 288.621936614783 3.47008939650135 299.609917473183 279.631993896484
1999 6 344.647747735609 248146.378369638 247.989437859231 178552.395258646 106.6 98325.1214833962 70.000460015828 289.977087555352 2.98558423276779 302.832139695405 278.061993896484
1999 7 380.914520889961 283400.403542131 268.107967682562 199472.327955826 107.7 98382.4139588942 72.0972229506579 297.505690715649 3.34970837652639 309.498806362072 288.289993896484
1999 8 369.572825389166 274962.18208954 234.857145169943 174733.716006437 25.3750938153472 98371.6174982707 72.8119371265795 295.126433309894 2.83413320657856 303.539993896484 285.709993896484
1999 9 355.752477095252 256141.783508582 214.247303527775 154258.058539998 33.985 98377.9583453449 70.9637115134615 293.910844967651 3.36097302739742 302.969993896484 279.760324060821
1999 10 311.610197615567 231837.987025982 158.772663990009 118126.862008567 35.1 98489.3381815861 66.6414051532263 287.986950880816 3.81404620645814 299.149993896484 276.868993896484
1999 11 296.048850407079 213155.172293097 97.5800007011268 70257.6005048113 27.1684461161916 98574.3487946942 66.7138402581923 284.010819570969 3.85778704003 296.849993896484 268.146194615354
1999 12 268.762500485897 199959.300361507 63.3403976610662 47125.2558598333 88.9869844137295 98340.0491960373 75.8335104948944 274.693667703581 3.96134738707552 288.429993896484 261.399993896484
2000 1 257.573701542064 191634.833947296 72.5718744337897 53993.4745787395 30.1541853094705 98398.1365844755 75.5557203423613 271.555913082244 4.95074016592299 290.139993896484 254.179993896484
2000 2 281.128966878323 195665.760947313 109.424282296807 76159.3004785775 111.5 98341.907411619 71.3642600051002 277.090509701082 4.86636144914299 295.599993896484 263.984993896484
2000 3 290.957676219562 216472.511107354 170.842702250465 127106.970474346 41.9190861983135 98221.6719156052 65.0380282963946 281.426858934466 4.40491480135724 297.319993896484 267.117993896484
2000 4 309.731747287866 223006.858047263 189.302884914146 136298.077138185 126.891641151385 98059.3667413948 61.3729909924227 284.648032216111 2.61142443606416 295.839993896484 271.980993896484
2000 5 352.595548534564 262331.088109716 220.508011419244 164057.960495918 97.2339336017797 97955.5767429409 67.4483662586993 291.577320827744 2.05135149791203 301.649993896484 279.622993896484
2000 6 361.50180483425 260281.29948066 265.138075048434 190899.414034872 136.3 98256.7473130869 75.2907927251517 294.35871195204 3.68296388888889 302.949993896484 281.701993896484
2000 7 370.265883217098 275477.817113521 250.833226563074 186619.920562927 131.774605134412 98140.734606485 78.7134614634137 295.217700937584 2.86090153527199 302.499993896484 286.669993896484
2000 8 367.357974598879 273314.333101566 229.740235811487 170926.735443746 86.2 98279.8404850613 81.8414692719097 295.290789595409 3.34826209677419 303.459993896484 285.229993896484
2000 9 342.292971017027 246450.93913226 181.597382076353 130750.115094974 180.581728170788 98256.1882383979 77.6547778271443 290.882421447625 3.66468997436581 302.229993896484 278.523993896484
2000 10 322.473709034911 239920.439521974 135.324523965951 100681.445830668 124.450242288798 98529.5106944594 68.0535343145898 288.089356479723 3.54868573266121 298.589993896484 272.221993896484
2000 11 289.968017210367 208776.972391464 77.1513402171407 55548.9649563413 83.8010899653979 98127.0347552605 73.4906499194542 278.001144346075 4.01234391821983 295.809993896484 264.642993896484
2000 12 251.368399261082 187018.089050245 69.9658764480049 52054.6120773156 48.1 98534.923098763 84.2662223502397 267.120227353773 3.61369758064516 283.189993896484 254.779993896484
2001 1 269.467638103845 200483.92274926 81.8641236855629 60906.9080220588 27.9624420204024 98398.6286034723 84.173793780443 271.840336679573 3.88731732628689 283.000993896484 259.489993896484
2001 2 287.613763244266 193276.448900147 106.339535851029 71460.1680918912 55.3635273972603 98506.3870756114 78.7609431346338 274.99417441214 3.86048011469065 290.719993896484 258.449993896484
2001 3 279.912259802248 208254.721292873 160.108839291127 119120.976432598 18.8959701081629 98067.8587510053 66.7009579927359 277.061776023195 3.41057021618452 287.919993896484 264.532993896484
2001 4 331.365706944444 238583.309 220.360647222222 158659.666 61.4 98287.6023381026 60.6732027777778 288.982545285373 4.49706259215011 301.599993896484 271.313993896484
2001 5 353.697016605228 263150.580354289 231.445096945049 172195.152127116 131.362547575819 98839.2826121882 73.4423449827054 291.562187137636 3.35564087245949 303.519993896484 278.725993896484
2001 6 373.736417743478 269090.220775304 250.93582431748 180673.793508585 97.5580955593253 98962.2722906813 80.2431634116985 294.903677963747 2.9430519471793 304.349993896484 283.013993896484
2001 7 391.001478494624 290905.1 257.087298920566 191272.950396901 154.8 98909.5456767257 81.3558239247312 297.439632337344 2.65467004712852 304.839993896484 283.979993896484
2001 8 389.582014972982 289849.019139898 237.984498614741 177060.466969367 61.3756808051706 98958.8032296218 83.1022973657045 297.239099135042 2.70790821479668 304.669993896484 286.482057087855
2001 9 347.095765641355 249908.951261776 207.966156328696 149735.632556661 79.116617986891 98971.9732192215 78.6168422166916 291.778733083227 3.05154273147285 302.332139695405 278.241993896484
2001 10 321.703232526882 239347.205 132.23372983871 98381.895 207.3 98995.842422235 71.6899637096774 286.609699541645 4.16483112923147 298.699993896484 274.261993896484
2001 11 303.774872222222 218717.908 100.754665277778 72543.359 90.4 98570.5031046917 68.2641875 284.761548063151 4.03565539433137 295.309993896484 271.788993896484
2001 12 285.742759851869 212592.613329791 76.1009185088968 56619.0833706192 93.1638888888889 98215.1533443111 82.2350398044773 276.847894963447 3.6686648705397 294.499993896484 259.589993896484
2002 1 274.19192316098 203998.790831769 84.9575669246606 63208.4297919475 35.9909420289855 98127.5264301886 76.7218787435904 275.592428363874 4.1818859819068 291.519993896484 261.879993896484
2002 2 270.202831845238 181576.303 129.946171130952 87323.827 67.5 98434.0864448596 69.9120282738095 275.611108479817 4.17091083765013 288.799993896484 263.029993896484
2002 3 296.907870967742 220899.456 136.60822311828 101636.518 122.057986111111 98019.4007173994 73.9541048387097 278.067106540221 4.05381242830569 294.659993896484 257.459993896484
2002 4 331.202847222222 238466.05 196.273441666667 141316.878 162.463683886277 98322.2695005617 72.6187486111111 286.614878814748 3.86977841410277 302.489993896484 271.114993896484
2002 5 342.004370967742 254451.252 218.81326344086 162797.068 224.468482735733 98251.7035724963 72.424748655914 289.132194165301 3.59483803795833 303.229993896484 276.022993896484
2002 6 385.270138888889 277394.5 267.622341666667 192688.086 142.6 98134.2833333333 75.1722430555556 296.901734174262 2.91575262506114 305.299993896484 285.589993896484
2002 7 395.070161290323 293932.2 274.654029569892 204342.598 48.0290865871973 98451.7582836386 71.5975362903226 299.462172214904 2.56962739656281 307.899993896484 288.159993896484
2002 8 387.752889784946 288488.15 236.694768817204 176100.908 32.3418793074838 98519.6653225807 75.6936317204301 298.080853958621 2.94386938042772 307.389993896484 286.929993896484
2002 9 369.474722222222 266021.8 193.948384722222 139642.837 116.8 98449.0181049616 68.7000722222222 295.638835563151 2.9243981323294 306.519993896484 283.769993896484
2002 10 325.641813172043 242277.509 125.62019140798 93461.4224075368 94.2512876683719 98523.8657324977 77.2605067204301 285.467850759281 3.0497906636343 301.649993896484 274.771993896484
2002 11 297.071675 213891.606 79.1770875 57007.503 63.9389531870614 98302.8263888889 76.8805305555556 278.500045948875 3.95434411154503 295.729993896484 269.420993896484
2002 12 281.300012096774 209287.209 69.3328534946236 51583.643 71.1659741801569 98364.5537634409 78.4863911290323 274.130123228879 3.8891381967681 288.289993896484 263.561993896484
2003 1 251.842003753636 187370.450792705 86.7257769113694 64523.9780220588 17.2737682049469 98543.0164894464 72.1392144793677 268.3335776469 3.67972263920621 285.089993896484 254.049993896484
2003 2 275.795291849682 185334.436122987 94.6140169892232 63580.619416758 75.4255168980565 97921.4398006615 81.6147160029164 270.342104377062 3.43224379396199 286.989993896484 255.354965600606
2003 3 299.320569892473 222694.504 166.988666666667 124239.568 60.5 97995.0591397849 68.2623306451613 280.369511369602 3.67711883481457 295.429993896484 261.009993896484
2003 4 325.595833333333 234429 196.267726388889 141312.763 78.3450511945393 98125.1486111111 62.5595930555556 286.371798063151 4.42919210568193 300.069993896484 271.851993896484
2003 5 357.785080645161 266192.1 194.98105208126 145065.902748457 124.718283588251 98005.1206824029 77.5502930107527 289.655544209059 3.60577262628726 300.079993896484 280.308993896484
2003 6 365.382083333333 263075.1 243.625501388889 175410.361 70.9 98141.6083333333 72.0801444444444 293.114543896484 3.21135043728501 302.539993896484 277.195993896484
2003 7 384.78543872261 286280.366409622 258.942555731171 192653.261463991 176.400674476422 98328.4414419823 77.1160987579275 296.34398066296 3.10925270811933 304.179993896484 289.029993896484
2003 8 390.680835486059 290666.541601628 231.134650124375 171964.179692535 54.3 98299.9892473118 80.8578672666052 296.482749272828 2.91631205870088 304.839993896484 289.419993896484
2003 9 350.471947928022 252339.802508176 199.345571102717 143528.811193956 121.5 98201.9916666667 74.2954197138014 291.268227977826 3.1567145362942 299.729993896484 278.285993896484
2003 10 322.548258064516 239975.904 151.134357526882 112443.962 51 98289.1814516129 65.4022252916934 286.473049747148 3.53806216808496 298.829993896484 274.993993896484
2003 11 313.626314287616 225810.946287083 83.1320388888889 59855.068 112.3 98488.5 72.6731138888889 281.954305007595 4.23995324285284 298.759993896484 268.632993896484
2003 12 287.005948421442 213532.425625553 60.6130860215054 45096.136 65.5 98454.9408602151 73.6220215053763 274.771282874979 3.97817645566853 288.889993896484 262.629993896484
2004 1 271.66688958421 202120.165850652 73.8668034115449 54956.9017381894 118.069463087248 98520.5617798242 75.395580271687 269.901839943699 3.8678317090255 291.119993896484 251.699993896484
2004 2 268.835070402299 187109.209 119.132165229885 82915.987 14.2 98761.1465517241 71.3642600051002 273.555475218323 3.88221381327526 289.359993896484 260.459993896484
2004 3 308.771653225806 229726.11 138.488584677419 103035.507 59.9115775075338 98607.0452137756 65.0380282963946 281.233151154549 4.03310979106591 298.399993896484 266.176993896484
2004 4 320.233341666667 230568.006 209.307670833333 150701.523 44.2 98251.0388888889 61.3729909924227 286.457043896484 4.45448038461226 302.019993896484 273.476993896484
2004 5 368.803498655914 274389.803 228.432715053763 169953.94 183.571619661089 98241.7163978495 67.4483662586993 292.845324541645 3.873484282211 302.479993896484 277.719993896484
2004 6 372.177222222222 267967.6 272.288563888889 196047.766 73 98370.3388888889 70.000460015828 295.145092507595 3.24394673839643 303.809993896484 283.899993896484
2004 7 389.238844086022 289593.7 234.986326612903 174829.827 108 98208.9946896698 72.0972229506579 295.982323197559 3.10070615992604 303.239993896484 287.529993896484
2004 8 373.084591397849 277574.936 223.771346774194 166485.882 92.9501730103806 98395.0282258065 72.8119371265795 295.081121584656 2.96905218594236 303.439993896484 284.789993896484
2004 9 357.218611111111 257197.4 208.645565277778 150224.807 3.6 98658.3388888889 70.9637115134615 294.419127229817 3.22370835375817 302.019993896484 281.454993896484
2004 10 336.037235215054 250011.703 119.663469086022 89029.621 116.2 98240.7043010753 66.6414051532263 287.687567821215 3.44778401735645 298.999993896484 276.287993896484
2004 11 320.844868055556 231008.305 73.2501402777778 52740.101 112.7 98658.7074933569 66.7138402581923 282.341750840928 3.65969719893003 293.359993896484 272.286993896484
2004 12 276.394880376344 205637.791 75.0809690860215 55860.241 31.2 98481.1155913978 75.8335104948944 274.037682068527 4.20435349462366 288.419993896484 256.799993896484
2005 1 294.34053408582 218989.35735985 65.8791689416614 49014.1016925961 202.279673982026 98833.2664894464 85.0849936759882 274.171260269522 3.68331455611045 293.639993896484 257.337993896484
2005 2 293.038834821429 196922.097 97.7987991071429 65720.793 58.65 98599.9970238095 78.7153125 276.470273658389 3.54651041666667 293.865993896484 266.221993896484
2005 3 288.728224462366 214813.799 150.276768096639 111805.915463899 35.25 97906.4879032258 68.0914852150538 277.492601423366 3.93600623120187 298.162993896484 265.265993896484
2005 4 330.591429166667 238025.829 197.964915277778 142534.739 61.55 98017.9166666667 61.9384222222222 287.235682785373 3.9269253859723 301.763993896484 273.275993896484
2005 5 334.25813844086 248688.055 257.503107526882 191582.312 101.3 98267.6384408602 58.9389516129032 290.071950885731 3.41082795698925 303.472993896484 274.771993896484
2005 6 383.282666686017 275963.520013932 269.157298611111 193793.255 80.8 98175.7291666667 70.5520569444444 296.999877229817 3.16544305555556 305.633993896484 284.613993896484
2005 7 392.819913422027 292258.015585988 256.356440860215 190729.192 92.15 98331.2715053763 75.5742217741935 297.78635007928 2.82228225806452 307.099993896484 288.553993896484
2005 8 397.899471774194 296037.207 226.613713709677 168600.603 201.15 98325.6008064516 78.4648024193548 297.933626961 2.70017941497288 306.144993896484 287.303993896484
2005 9 370.443845833333 266719.569 197.774629166667 142397.733 85.75 98582.2652777778 73.7746708333333 295.215335563151 2.9852408441264 303.154993896484 281.265993896484
2005 10 331.785012096774 246848.049 136.94825 101889.498 27.95 98504.6733870968 71.6541545698925 287.410360831968 3.26220595268065 301.256993896484 276.495993896484
2005 11 303.889313888889 218800.306 91.6630652777778 65997.407 117.4 98242.4250737149 60.5917819444444 281.755256396484 4.56738749780975 296.278993896484 263.098993896484
2005 12 282.087732526882 209873.273 61.1243588709677 45476.523 50.1 98312.7066818394 80.922810483871 271.536441477129 3.83272890432497 286.509993896484 259.032993896484
2006 1 304.938596707319 226874.315950246 70.9154637393264 52761.1050220588 88.8409420289855 98085.052779769 74.5467736191526 277.570980074555 4.52299264180944 290.449993896484 268.279993896484
2006 2 268.727404761905 180584.816 129.36077827381 86930.443 42 98413.0985366861 64.9999464285714 273.444458182198 3.93535456075588 290.139993896484 256.979993896484
2006 3 303.251516129032 225619.128 137.379786290323 102210.561 160.1 98445.9543010753 66.9166426733041 278.620853050017 3.92228638424325 295.219993896484 267.249993896484
2006 4 339.038365277778 244107.623 204.778572222222 147440.572 117.6 98062.0416666667 57.0618125 287.767181396484 3.93583625105219 300.669993896484 273.989993896484
2006 5 364.729758064516 271358.94 232.852411290323 173242.194 140.25 97921.0080645161 69.9122862903226 289.019462982506 3.2123108473581 303.549993896484 278.589993896484
2006 6 376.669844187325 271202.287814874 257.485961644837 185389.892384283 171.724615091917 98337.5833333333 71.9949416480995 294.210237250106 2.96280670760775 303.169993896484 286.109993896484
2006 7 394.644759959225 293615.701409663 255.507626034861 190097.673769937 112.095760950468 98410 74.3026171954884 297.315924135569 3.1423383885681 304.829993896484 287.779993896484
2006 8 393.737221778595 292940.493003275 220.390176163459 163970.291065614 82.5813588850174 98349.3010752688 77.9179590430108 296.468286008161 2.75362257699819 304.439993896484 288.569993896484
2006 9 360.571694444444 259611.62 169.028530555556 121700.542 81.4 98237.0138888889 78.8922847222222 290.303277229817 3.26690012878288 299.389993896484 280.139993896484
2006 10 324.700315860215 241577.035 131.766077956989 98033.962 118.1 98226.9489247312 68.1813360215054 284.447569165301 3.68758236941897 300.579993896484 272.279993896484
2006 11 306.552202777778 220717.586 80.8552541666667 58215.783 93.1 98520.0555555556 68.3228400833333 281.063010563151 3.51867029200135 294.979993896484 271.169993896484
2006 12 287.627091397849 213994.556 74.1133629032258 55140.342 147.55 98786.2768817204 69.8366778434113 277.07410679971 4.03769801649224 289.029993896484 259.029993896484
2007 1 281.8434865711 209691.554008899 77.924875029649 57976.1070220588 131.589441923128 98578.4323806363 76.3542640835403 273.744851367657 4.24259667548738 288.839993896484 258.989993896484
2007 2 255.156364583333 171465.077 114.683708333333 77067.452 37.55 98426.5667671076 68.2691844900445 267.76212021655 3.65487007638012 283.619993896484 252.729993896484
2007 3 311.855447580645 232020.453 171.24088844086 127403.221 88.9 98584.8505801423 60.5372618333333 283.169346197813 4.1209993776484 299.479993896484 264.279993896484
2007 4 314.436820833333 226394.511 199.345227777778 143528.564 101.9 98109.3888888889 57.7045152777778 284.007259174262 4.09955573778581 302.129993896484 268.019993896484
2007 5 355.312474462366 264352.481 262.68427688172 195437.102 37.15 98610.0268817204 58.5741344086021 293.096460294333 3.44923192949451 301.769993896484 280.029993896484
2007 6 380.237305555556 273770.86 264.797863888889 190654.462 125.75 98251.2916666667 67.0902736111111 295.538316118706 3.03635610238106 304.029993896484 284.989993896484
2007 7 373.906129032258 278186.16 277.583129032258 206521.848 81.15 98311.7204301075 67.4366935483871 295.615090670678 2.9574506079179 302.689993896484 286.089993896484
2007 8 398.879260752688 296766.17 246.941415322581 183724.413 23.9 98287.997311828 65.8596451612903 299.024637713688 3.10936827956989 306.659993896484 288.029993896484
2007 9 374.691370505715 269777.786764115 208.007255555556 149765.224 90.9 98607.8651051841 59.1320163065147 294.952129940407 3.12583851325986 306.509993896484 279.529993896484
2007 10 345.674521505376 257181.844 126.170715053763 93871.012 70.45 98396.6801075269 68.0945524193548 289.494380993258 3.63876887742119 303.159993896484 277.659993896484
2007 11 293.231966666667 211127.016 103.213668055556 74313.841 38.95 98589.1527777778 64.5145958333333 279.710567507595 3.80660945696374 292.099993896484 268.699993896484
2007 12 296.105447751014 220302.453126755 54.0957949866929 40247.2714700995 97.65 98489.7182492241 81.1148335020421 274.456494052557 3.58601351276238 290.929993896484 263.819993896484
2008 1 266.510811004609 198284.043387429 79.7832536803621 59358.7407381894 80.9694630872483 98630.5100669398 68.7482277080042 271.829421332002 4.37478996230095 291.429993896484 256.149993896484
2008 2 287.062261494253 199795.334 89.9957485632184 62637.041 90.3 98181.1436781609 73.7014252873563 272.371748206829 4.08881614014096 292.069993896484 259.739993896484
2008 3 295.953998655914 220189.775 128.425193548387 95548.344 161.6 98365.7768817204 67.1998602150538 278.176028842721 4.07517489883907 293.329993896484 266.139993896484
2008 4 321.086133333333 231182.016 205.130452777778 147693.926 67.3 98258.8972222222 59.4530666666667 285.64826195204 3.86548147639726 300.109993896484 273.879993896484
2008 5 343.732166666667 255736.732 216.623819892473 161168.122 159.35 97870.5994623656 65.7502056451613 288.855563788957 3.82871079238337 300.909993896484 280.159993896484
2008 6 376.831654111928 271318.790960588 272.210244674378 195991.376165552 401.1 98148.5648204786 67.4125516881552 295.906907274666 3.61747980908766 304.559993896484 287.539993896484
2008 7 386.997959677419 287926.482 265.206454301075 197313.602 182.35 98306.6384408602 69.8284153225806 296.858086638419 2.98468886794352 303.889993896484 289.410993896484
2008 8 372.367086021505 277041.112 257.644197580645 191687.283 33.85 98301.9583333333 67.6400727609494 296.140829681616 2.79861654114411 305.979993896484 286.709993896484
2008 9 364.683311111111 262571.984 189.640063888889 136540.846 44.15 98617.4333333333 67.7653583333333 293.961988340928 2.9419866172254 305.670993896484 283.379993896484
2008 10 315.389915322581 234650.097 157.496873655914 117177.674 51 98845.9126344086 60.3291357526882 286.523707606161 3.50335625139491 301.189993896484 272.029993896484
2008 11 291.749098611111 210059.351 89.0645333333333 64126.464 65.45 98480.8972222222 62.0452541666667 279.177953618706 3.67739803970584 295.649993896484 266.379993896484
2008 12 282.106178763441 209886.997 57.2064206989247 42561.577 140.25 98510.8293010753 73.1981465053763 272.683141745946 4.43892987038168 292.899993896484 256.019993896484
2009 1 260.372090854433 193716.835595698 81.2331317500791 60437.4500220588 19.3909420289855 98405.0621883712 69.6462386729161 268.904719072895 3.7862063314073 286.769993896484 251.439993896484
2009 2 274.714675595238 184608.262 119.684110119048 80427.722 54.9 98567.4375 66.1527886904762 274.936452229817 4.49716232948481 289.949993896484 258.819993896484
2009 3 298.079427563742 221771.094107424 168.032735987117 125016.355574415 41.3569706471423 98597.4987406458 55.6099882176684 281.209706733765 4.19847986092978 295.969993896484 262.939993896484
2009 4 325.112056944444 234080.681 183.836345833333 132362.169 173.25 98075.6722222222 61.2075637101697 285.557732801954 4.19793265393528 301.639993896484 273.039993896484
2009 5 352.757295698925 262451.428 242.882867528251 180704.853441019 138.05 98316.3373655914 62.5469516129032 291.173487176054 3.12265511896807 303.239993896484 280.199993896484
2009 6 383.962377418073 276452.911741013 259.053616056056 186518.60356036 188.1 97936.9267774644 69.2999826293849 296.021578257767 3.12797670213119 305.369993896484 283.559993896484
2009 7 378.59905184784 281677.694574793 224.604484624953 167105.736560965 181.3 98206.5268817204 72.7119095528584 294.396209436075 2.89734035727587 301.629993896484 285.929993896484
2009 8 377.407457255825 280791.148198334 243.7693836787 181364.421456953 64.8382188212765 98429.5664494204 73.7629308386072 295.559274600104 3.13858752810414 303.629993896484 283.919993896484
2009 9 362.573947222222 261053.242 184.179877777778 132609.512 66.95 98538.975 73.5562513888889 292.264443896484 2.98539119846511 301.379993896484 281.829993896484
2009 10 326.558303763441 242959.378 110.753411290323 82400.538 173.55 98266.7580932324 71.5843857526882 284.259139057774 3.69003902966145 294.099993896484 274.529993896484
2009 11 304.884019444444 219516.494 96.9857819444444 69829.763 31.35 98558.3597222222 65.0781083333333 282.580092507595 3.67059912928494 294.799993896484 272.349993896484
2009 12 279.682231182796 208083.58 55.8215819892473 41531.257 75.5 98380.5672043011 70.9538400537634 273.226042283581 3.84439406587459 285.409993896484 262.269993896484
2010 1 269.133878488842 200235.605595698 78.8493414274984 58663.9100220588 28.1909420289855 98563.9049303067 76.3171808772172 269.653106169669 3.63934835661384 284.249993896484 257.249993896484
2010 2 272.869933035714 183368.595 97.3171130952381 65397.1 5.3 98205.4755378823 70.6808258928571 270.946973063151 3.20051083937371 282.309993896484 261.549993896484
2010 3 300.303096774194 223425.504 158.120362903226 117641.55 75.85 98018.5268817204 64.2823857526882 281.186087982506 3.52455824132034 298.269993896484 270.689993896484
2010 4 326.459470833333 235050.819 224.647570833333 161746.251 90.8 98081.4944444444 51.3271888888889 289.390121674262 4.00853595980222 302.159993896484 275.759993896484
2010 5 366.213563172043 272462.891 216.577799731183 161133.883 133.5 98230.5577956989 70.2676693548387 291.87361352014 3.39462190550545 304.329993896484 276.699993896484
2010 6 388.00644671876 279364.641637507 278.112876063049 200241.270765396 159.868936521642 98187.5334496362 72.0252561479214 296.806404697268 3.27125303564513 305.099993896484 287.559993896484
2010 7 397.504575268817 295743.404 266.514259408602 198286.609 67.85 98379.3198924731 72.2515524193548 298.280372928742 2.95642479966401 305.210993896484 288.289993896484
2010 8 389.372831456627 289693.38660373 263.455703057874 196011.043075058 14.6 98290.4757378267 64.5136143744548 298.786002000822 2.82563881841995 308.009993896484 288.429993896484
2010 9 357.330739234025 257278.132248498 213.246653631 153537.59061432 11.8559553050656 98344.4639658243 58.0764727357291 294.383052089641 3.40683917177106 305.749993896484 282.079993896484
2010 10 315.06288172043 234406.784 160.768627688172 119611.859 34.45 98340.6706795207 49.7026829643899 288.366640992514 3.87115605747522 302.309993896484 273.399993896484
2010 11 293.662761111111 211437.188 96.0849791666667 69181.185 133.15 98496.9583333333 61.249073874328 281.028137988816 3.9592988404081 296.969993896484 267.929993896484
2010 12 265.677373655914 197663.966 59.2426653225806 44076.543 43.4888112356063 98501.686827957 74.2366801075269 270.458303036269 3.50750638587843 289.340993896484 259.939993896484
2011 1 265.827429705777 197775.607701098 76.503881572899 56918.8878902368 23.1409420289855 98378.0482098765 71.8383865223785 269.743616922358 3.39306701646691 289.419993896484 256.879993896484
2011 2 291.214346263542 195696.0406891 96.5991103078795 64914.602126895 115.65 98368.060125248 68.1009764819875 274.805170622674 3.94862045329283 292.709993896484 258.539993896484
2011 3 304.77818678629 226754.970969 136.550479800616 101593.556971658 110.35 98520.4969086021 62.5271930930437 279.658119010731 4.01440082640344 297.639993896484 268.869993896484
2011 4 338.938044414861 244035.3919787 161.861791219658 116540.489678154 239.95 97754.4476160738 66.0630999589739 286.423426410373 4.43649928826414 300.069993896484 276.159993896484
2011 5 367.918696375269 273731.5101032 195.020712480344 145095.410085376 142.2 98019.3149193548 74.3444268652141 290.362382754011 3.54406376782259 304.739993896484 276.849993896484
2011 6 383.317610742292 275988.67973445 247.31917448096 178069.805626291 115.509100594123 98165.0121217336 68.924256531132 295.965501479817 3.35463001890634 306.299993896484 287.649993896484
2011 7 407.73943234422 303358.1376641 277.43219052746 206409.54975243 8.1 98264.2825268817 70.0950537634409 299.951109487882 2.67143321280361 308.319993896484 291.249993896484
2011 8 382.844393691129 284836.2289062 250.087957354477 186065.440271731 46.5 98107.3313172043 64.3736559139785 297.365007337344 3.00173925120283 306.279993896484 289.239993896484
2011 9 368.599272590139 265391.4762649 148.860151066008 107179.308767526 120.8 98292.1668055555 71.1897222222222 291.065341118706 3.4071042179447 308.969993896484 280.749993896484
2011 10 320.608004390054 238532.3552662 151.429235113468 112663.35092442 80.95 98371.1143817204 59.5234408602151 286.893542283581 3.61337590569792 301.509993896484 276.739993896484
2011 11 318.49207564125 229314.2944617 80.1936831463944 57739.451865404 130.8 98384.4673805147 67.4601164714413 282.549950035373 4.76913549577157 295.049993896484 272.339993896484
2011 12 292.544224971371 217652.9033787 60.8614888014073 45280.947668247 108.55 98770.5599462366 73.1165456989247 276.940020778204 3.73777943766095 288.619993896484 265.189993896484
2012 1 279.394021743857 207869.152177429 70.8922943389642 52743.8669881894 89.7194630872484 98327.7892077583 67.5676622744558 274.386899250917 4.35463129594409 288.219993896484 262.639993896484
2012 2 282.66139841954 196732.3333 113.65421066523 79103.330623 24.6 98570.3879310345 64.8673132183908 276.629462287289 3.70909861256367 292.149993896484 263.299993896484
2012 3 326.006206451613 242548.6176 177.369097110215 131962.60825 69.35 98432.1639784946 58.9215565456989 287.012494313151 4.1245444010096 301.799993896484 269.789993896484
2012 4 319.923223333333 230344.7208 221.7376927125 159651.138753 60.8 98254.5416666667 54.9861805555556 286.156605007595 3.80496608247161 301.799993896484 272.809993896484
2012 5 359.6806875 267602.4315 272.343049431452 202623.228777 89.5500000000002 98253.0779569892 60.1645430107527 294.196311100785 3.22331812784182 304.139993896484 280.929993896484
2012 6 367.83574375 264841.7355 295.925134379167 213066.096753 1.7 98224.3194444444 54.6656805555556 296.360091118706 3.29859583333333 310.919993896484 282.449993896484
2012 7 407.283524596774 303018.9423 258.389384255376 192241.701886 20.4 98282.2311827957 59.6961290322581 300.680222391108 2.9622688172043 312.319993896484 290.499993896484
2012 8 376.104544354839 279821.781 244.106563807796 181615.283473 108.95 98296.532991591 58.1345037768817 296.963566221753 2.9051884451547 308.479993896484 286.779993896484
2012 9 360.607155833333 259637.1522 171.321386427778 123351.398228 144.4 98395.6388888889 69.0606805555555 292.074521674262 3.10684279484497 303.009993896484 280.199993896484
2012 10 322.394662903226 239861.6292 134.772061866935 100270.414029 92.65 98227.3655913978 65.470188172043 285.084281530893 4.30849816479471 299.179993896484 274.629993896484
2012 11 281.033826666667 202344.3552 111.714406184722 80434.372453 35.85 98867.7638888889 60.0027447083333 279.550967910373 3.40011388888889 295.359993896484 268.729993896484
2012 12 304.095773924731 226247.2558 53.6466841680108 39913.133021 44.65 98241.3044793567 75.0451344086022 277.674053036269 3.99538689333039 293.879993896484 264.469993896484
